
 Printing Matrix : 
0 0 0 0 0 0 0 0 0 0 0 
0 0 0 0 0 0 0 0 0 0 0 
0 0 0 0 0 0 0 0 0 0 0 
0 0 0 0 0 0 0 0 0 0 0 
0 0 0 0 0 0 0 0 0 0 0 
0 0 0 0 0 0 0 0 0 0 0 
0 0 0 0 0 0 0 0 0 0 0 
0 0 0 0 0 0 0 0 0 0 0 
0 0 0 0 0 0 0 0 0 0 0 
0 0 0 0 0 0 0 0 0 0 0 
0 0 0 0 0 0 0 0 0 0 0 


 Printing Matrix : 
0 0 0 0 0 0 0 0 0 0 0 
0 6 12 18 24 30 0 0 0 0 0 
0 0 0 0 0 0 0 0 0 0 0 
0 0 0 0 0 0 0 0 0 0 0 
0 0 0 0 0 0 0 0 0 0 0 
0 0 0 0 0 0 0 0 0 0 0 
0 0 0 0 0 0 0 0 0 0 0 
0 0 0 0 0 0 0 0 0 0 0 
0 0 0 0 0 0 0 0 0 0 0 
0 0 0 0 0 0 0 0 0 0 0 
0 0 0 0 0 0 0 0 0 0 0 


 Printing Matrix : 
0 0 0 0 0 0 0 0 0 0 0 
0 6 12 18 24 30 0 0 0 0 0 
0 6 12 18 24 30 0 0 0 0 0 
0 0 0 0 0 0 0 0 0 0 0 
0 0 0 0 0 0 0 0 0 0 0 
0 0 0 0 0 0 0 0 0 0 0 
0 0 0 0 0 0 0 0 0 0 0 
0 0 0 0 0 0 0 0 0 0 0 
0 0 0 0 0 0 0 0 0 0 0 
0 0 0 0 0 0 0 0 0 0 0 
0 0 0 0 0 0 0 0 0 0 0 


 Printing Matrix : 
0 0 0 0 0 0 0 0 0 0 0 
0 6 12 18 24 30 0 0 0 0 0 
0 6 12 18 24 30 0 0 0 0 0 
0 6 12 18 24 30 0 0 0 0 0 
0 0 0 0 0 0 0 0 0 0 0 
0 0 0 0 0 0 0 0 0 0 0 
0 0 0 0 0 0 0 0 0 0 0 
0 0 0 0 0 0 0 0 0 0 0 
0 0 0 0 0 0 0 0 0 0 0 
0 0 0 0 0 0 0 0 0 0 0 
0 0 0 0 0 0 0 0 0 0 0 


 Printing Matrix : 
0 0 0 0 0 0 0 0 0 0 0 
0 6 12 18 24 30 0 0 0 0 0 
0 6 12 18 24 30 0 0 0 0 0 
0 6 12 18 24 30 0 0 0 0 0 
0 6 12 18 24 30 0 0 0 0 0 
0 0 0 0 0 0 0 0 0 0 0 
0 0 0 0 0 0 0 0 0 0 0 
0 0 0 0 0 0 0 0 0 0 0 
0 0 0 0 0 0 0 0 0 0 0 
0 0 0 0 0 0 0 0 0 0 0 
0 0 0 0 0 0 0 0 0 0 0 


 Printing Matrix : 
0 0 0 0 0 0 0 0 0 0 0 
0 6 12 18 24 30 0 0 0 0 0 
0 6 12 18 24 30 0 0 0 0 0 
0 6 12 18 24 30 0 0 0 0 0 
0 6 12 18 24 30 0 0 0 0 0 
0 6 12 18 24 30 0 0 0 0 0 
0 0 0 0 0 0 0 0 0 0 0 
0 0 0 0 0 0 0 0 0 0 0 
0 0 0 0 0 0 0 0 0 0 0 
0 0 0 0 0 0 0 0 0 0 0 
0 0 0 0 0 0 0 0 0 0 0 

Optimal revenues for rod lengths 1 to 5:
Rod length 1: 6
Rod length 2: 12
Rod length 3: 18
Rod length 4: 24
Rod length 5: 30
Optimal sizes and decompositions:
Rod length 1: Optimal Size: 1, Decomposition: 1 
Rod length 2: Optimal Size: 1, Decomposition: 1 
Rod length 3: Optimal Size: 1, Decomposition: 1 
Rod length 4: Optimal Size: 1, Decomposition: 1 
Rod length 5: Optimal Size: 1, Decomposition: 1 
30